0
[0.32 0.27 0.51 0.39 0.00 0.39 0.43 0.25 0.38 ]
1
[0.04 20.75 20.75 0.74 87.00 0.61 2.65 83.00 0.35 ]
2
[0.34 0.36 0.19 0.00 0.36 0.09 0.69 0.40 0.31 ]
3
[0.23 0.30 0.68 0.02 0.46 0.52 0.33 0.31 0.40 ]
4
[0.11 0.76 0.00 0.59 0.64 0.28 0.00 0.34 0.00 ]
5
[0.50 0.25 0.24 0.33 0.23 0.45 0.31 0.28 0.49 ]
6
[0.15 0.50 0.00 0.96 0.28 0.46 0.66 0.31 0.61 ]
7
[0.30 0.30 0.98 0.00 0.12 0.31 0.00 0.47 0.00 ]
8
[0.70 0.34 0.77 0.29 0.89 0.52 0.63 0.30 0.66 ]
9
[0.87 0.27 1.69 0.13 0.22 1.19 0.00 0.00 1.00 ]
